3
7
4
0.08311688311688312 -0.0006899560106596869
-0.1500079166745608 -0.49246044811710754
-0.43341031594325624 -0.0006899560106596869
-0.19661244195349645 0.41021130878266837
3
-0.09350649350649351 -0.0006899560106596869
-0.43341031594325624 -0.0006899560106596869
-0.2524343269233003 0.31277018150522545
3
-0.23376623376623376 -0.0006899560106596869
-0.2769822747126397 -0.2706374690443443
-0.43341031594325624 -0.0006899560106596869
3
-0.8652290773261953 -0.7499993658637698
-1.299435719727695 -0.0006899560106596869
-0.43341141429942615 0.0006893218744297713
3
-0.8652290773261953 -0.7499993658637698
-1.299435719727695 -0.0006899560106596869
-0.43341141429942615 0.0006893218744297713
3
-0.8652290773261953 -0.7499993658637698
-1.299435719727695 -0.0006899560106596869
-0.43341141429942615 0.0006893218744297713
3
-0.8660254037844387 0.75
-0.43301270189221935 1.1102230246251565e-16
-1.299038105676658 -2.220446049250313e-16
3
-0.8660254037844387 0.75
-0.43301270189221935 1.1102230246251565e-16
-1.299038105676658 -2.220446049250313e-16
3
-0.8660254037844387 0.75
-0.43301270189221935 1.1102230246251565e-16
-1.299038105676658 -2.220446049250313e-16
4
0.0007963264582434141 -0.7499993658637698
-0.1500079166745608 -0.49246044811710754
0.08311688311688312 -0.0006899560106596869
0.43261398948501256 0.0006893218744297713
4
-0.09350649350649351 -0.0006899560106596869
0.0007963264582434141 -0.7499993658637698
-0.43341031594325624 -0.0006899560106596869
0.43261398948501256 0.0006893218744297713
4
0.0007963264582434141 -0.7499993658637698
-0.2769822747126397 -0.2706374690443443
-0.23376623376623376 -0.0006899560106596869
0.43261398948501256 0.0006893218744297713
4
0.0 0.75
0.43301270189221935 1.1102230246251565e-16
0.08311688311688312 -0.0006899560106596869
-0.19661244195349645 0.41021130878266837
4
0.0 0.75
0.43301270189221935 1.1102230246251565e-16
-0.09350649350649351 -0.0006899560106596869
-0.2524343269233003 0.31277018150522545
4
-0.23376623376623376 -0.0006899560106596869
0.0 0.75
0.43301270189221935 1.1102230246251565e-16
-0.4330127018922192 -2.220446049250313e-16
4
-0.1500079166745608 -0.49246044811710754
-0.43301270189221935 0.0
0.0 -0.7499999999999999
-0.8660254037844386 -0.7500000000000002
3
-0.43301270189221935 0.0
0.0 -0.7499999999999999
-0.8660254037844386 -0.7500000000000002
4
-0.2769822747126397 -0.2706374690443443
-0.43301270189221935 0.0
0.0 -0.7499999999999999
-0.8660254037844386 -0.7500000000000002
4
-0.19661244195349645 0.41021130878266837
-0.43221637543397595 6.341362302486608e-07
-0.8664230178354756 0.7493100439893403
-0.0003987124072067916 0.7506893218744297
4
-0.2524343269233003 0.31277018150522545
-0.43221637543397595 6.341362302486608e-07
-0.8664230178354756 0.7493100439893403
-0.0003987124072067916 0.7506893218744297
3
-0.43221637543397595 6.341362302486608e-07
-0.8664230178354756 0.7493100439893403
-0.0003987124072067916 0.7506893218744297
123456789